SAMPLING_STEPS=  4.000000
BATCH_SIZE=  64.000000
REPLAY_BUFFER_SIZE=  100000.000000
MIN_BUFFER_SIZE=  5000.000000
MAX_EPISODE_LENGTH=  500.000000
UPDATE_Q_TARGET=  2500.000000
QVALUE_LEARNING_RATE=  0.001000
